V5_00 = [5 5 5 5 5 5 5 5 5 5 5 4 4 2 2 2 2 2 2 2 2 2 2 0 0 0 0 0 0 0 0 0 0 0 0 0 0 0 0 0 0 0 0 0 0 0 0 0 2 2 4 5 7 9 10 12 12 14 15 19 21 22 26 27 29 31 32 34 36 37 39 39 39 39 39 39 39 39 37 34 32 29 27 24 22 22 22 21 21 21 21 21 21 21 21 19 19 19 19 19 17 17 17 15 15 14 14 12 10 10 9 9 9 7 7 7 7 7 7 7 7 7 9 9 9 10 10 10 10 10 10 10 10 10 9 9 7 7 7 5 5 5 5 4 4 4 4 4 4 5 5 5 5 5 5 5 4 4 4 4 2 2 2 2 2 0 0 0 0 0 0 0 0 0 0 2 2 2 2 2 4 4 4 4 2 2 2 0 0 0 0 0 0 0 0 0 0 0 0 0 2 2 4 4 5 5 5 5 7 7 7 7 7 7 7 5 5 5 5 5 5 7 7 7 9 9 10 10 10 12 12 12 12 12 12 12 12 12 10 10 9 7 5 4 4 2 2 2 2 2 2 2 2 2 2 2 4 4 4 4 5 5 5 5 5 5 4 4 2 0 0 0 0 0 0 -2 -2 -2 -2 0 0 0 0 0 0 0 0 0 0 0 2 4 7 10 15 19 22 24 26 26 26 26 26 26 26 26 26 26 26 26 26 26 26 26 26 27 29 31 34 39 44 49 54 57 59 59 61 61 61 61 61 61 62 62 62 62 62 62 62 62 61 61 61 59 59 57 57 57 57 57 57 57 57 57 56 52 49 44 37 29 21 14 7 2 0 0 -2 -2 0 0 -2 -2 -2 -2 -2 0 0 0 0 0 0 0 0 0 0 -2 -2 -2 -4 -4 -4 -4 -4 -4 -4 -4 -4 -4 -5 -5 -5 -5 -5 -5 -5 -5 -5 -5 -5 -5 -5 -5 -5 -5 -5 -5 -5 -5 -7 -7 -7 -7 -7 -7 -7 -7 -7 -9 -9 -9 -9 -10 -10 -10 -10 -10 -12 -12 -12 -12 -12 -12 -12 -12 -12 -10 -10 -9 -9 -7 -7 -5 -5 -4 -4 -2 -2 0 0 0 2 4 5 7 10 12 15 17 19 21 22 24 24 26 27 27 29 29 29 29 27 27 26 24 24 22 21 19 17 15 14 12 12 10 10 9 9 9 9 7 7 7 7 5 5 5 5 5 4 4 4 4 2 2 2 2 0 0 0 0 0 0 0 0 0 0 0 0 0 0 0 0 0 0 0 0 0 0 -2 -2 -2 -2 -2 -2 -2 -4 -4 -4 -4 -4 -4 -5 -5 -5 -5 -5 -5 -5 -5 -5 -5 -5 -5 -5 -5 -5 -5 -5 -5 -5 -5 -5 -5 -5 -5 -7 -7 -7 -7 -7 -7 -7 -7 -7 -7 -7 -7 -7 -7 -7 -7 -7 -7 -7 -7 -7 -7 -7 -7 -7 -7 -7 -7 -7 -7 -7 -5 -5 -5 -4 -4 -4 -2 -2 0 0 0 0 0 0 0 0 0 0 0 0 0 0 0 0 2 2 2 2 2 2 2 2 2 2 0 0 0 0 0 0 0 0 0 0 0 0 0 0 0 0 0 0 0 0 0 0 -2 -2 -2 -2 -2 -4 -4 -4 -4 -4 -5 -5 -5 -5 -5 -5 -7 -7 -7 -7 -7 -7 -7 -7 -7 -9 -9 -9 -10 -10 -10 -10 -10 -10 -10 -10 -10 -10 -10 -10 -9 -7 -4 0 4 7 9 10 12 12 10 10 10 10 10 10 10 10 10 10 10 12 12 12 12 14 14 14 15 19 21 24 27 32 36 37 39 41 41 41 41 41 41 41 41 41 41 41 41 41 41 42 42 42 42 42 42 42 42 42 44 44 44 42 41 37 31 24 17 10 5 2 0 -4 -7 -9 -12 -14 -15 -17 -17 -17 -17 -19 -19 -19 -19 -19 -19 -19 -19 -19 -20 -20 -20 -20 -20 -20 -20 -20 -22 -22 -22 -22 -22 -22 -22 -22 -22 -22 -22 -22 -22 -22 -22 -22 -22 -22 -22 -22 -22 -22 -24 -24 -24 -24 -24 -24 -24 -24 -24 -25 -25 -25 -25 -25 -27 -27 -27 -27 -29 -29 -29 -29 -29 -29 -29 -29 -29 -29 -29 -29 -29 -29 -29 -29 -29 -29 -29 -29 -29 -29 -27 -27 -25 -22 -20 -19 -17 -15 -14 -12 -10 -9 -7 -4 -2 0 0 2 4 5 7 7 9 9 10 10 10 10 10 10 10 10 9 9 9 9 7 7 5 4 2 0 -2 -4 -5 -7 -9 -9 -9 -9 -9 -10 -10 -10 -10 -12 -12 -12 -12 -12 -12 -12 -12 -12 -14 -14 -14 -15 -15 -15 -17 -17 -17 -17 -17 -17 -17 -17 -17 -17 -17 -17 -17 -17 -17 -17 -17 -17 -17 -17 -17 -17 -17 -17 -17 -17 -17 -17 -17 -17 -17 -19 -19 -19 -19 -19 -19 -19 -19 -19 -19 -19 -19 -19 -19 -19 -19 -20 -20 -20 -20 -20 -20 -20 -22 -22 -22 -22 -22 -22 -22 -22 -22 -22 -22 -22 -22 -22 -22 -22 -22 -22 -20 -20 -20 -20 -20 -20 -20 -20 -20 -20 -20 -20 -20 -20 -20 -20 -20 -20 -20]
V6_00 = [-9 -9 -8 -8 -8 -8 -8 -8 -8 -8 -8 -8 -9 -9 -9 -9 -9 -9 -11 -11 -11 -11 -11 -11 -11 -11 -11 -11 -11 -11 -13 -14 -16 -16 -18 -18 -18 -18 -18 -18 -18 -18 -18 -18 -18 -18 -18 -18 -18 -16 -14 -13 -11 -9 -9 -8 -8 -6 -4 -3 -1 1 5 8 10 11 13 15 16 20 21 25 28 30 31 33 35 35 35 35 35 35 35 33 33 33 33 31 31 31 31 30 30 30 30 30 30 30 28 28 28 28 28 28 28 28 28 28 28 26 26 25 23 23 23 23 23 23 23 23 23 25 25 25 26 26 26 26 26 26 28 28 28 28 28 26 26 26 25 25 23 23 23 23 21 21 21 21 21 23 23 23 25 25 26 26 26 26 25 25 25 23 23 23 23 23 23 23 23 23 23 23 23 23 23 23 23 23 23 23 23 23 23 23 23 23 23 23 21 21 20 18 18 18 18 18 20 21 23 25 26 28 28 28 28 28 28 28 28 28 28 28 28 28 28 28 28 28 28 28 30 31 31 33 35 36 38 38 40 40 40 40 40 40 40 40 40 40 38 38 36 35 35 33 33 31 31 31 30 30 30 30 30 30 30 30 30 30 31 31 31 31 33 33 33 33 33 33 33 31 31 31 31 31 31 31 31 31 31 31 31 31 31 31 31 31 33 33 33 31 31 31 33 35 36 41 45 48 52 53 53 53 55 55 58 60 63 68 72 77 82 85 88 93 97 102 107 115 123 134 145 155 164 169 172 172 172 170 169 169 167 165 165 164 162 160 160 159 159 159 159 157 157 155 154 152 150 147 145 142 137 134 127 122 115 108 100 92 83 75 67 58 50 43 36 31 28 26 26 25 25 25 25 25 25 23 23 23 23 23 23 21 21 21 21 21 21 21 20 20 20 20 18 18 16 16 15 15 13 13 13 13 13 13 11 11 11 11 11 11 11 11 11 10 10 10 10 10 10 10 8 8 6 5 3 1 0 -1 -3 -3 -3 -3 -3 -3 -4 -4 -4 -4 -4 -4 -6 -6 -6 -6 -6 -6 -6 -6 -6 -6 -6 -6 -6 -6 -6 -6 -6 -6 -4 -3 -1 0 3 5 6 10 11 13 15 16 18 20 23 25 26 28 30 31 33 33 33 33 33 31 31 31 31 30 30 28 26 23 21 20 18 16 16 15 15 15 15 15 15 15 15 15 15 15 15 15 15 15 15 13 13 13 13 13 13 11 11 11 11 11 11 11 11 11 11 11 10 10 10 10 10 10 10 8 6 6 5 3 1 1 1 1 1 1 0 0 0 0 0 0 0 0 0 0 0 0 0 0 -1 -1 -1 -1 -1 -1 -1 -1 -3 -3 -3 -3 -3 -3 -3 -3 -3 -3 -3 -3 -4 -4 -4 -4 -4 -4 -6 -6 -6 -6 -8 -8 -8 -8 -8 -8 -8 -9 -9 -9 -11 -11 -11 -11 -11 -9 -9 -9 -8 -8 -8 -8 -8 -8 -8 -6 -6 -6 -6 -6 -6 -6 -6 -6 -6 -4 -4 -4 -4 -4 -4 -4 -4 -4 -4 -4 -4 -4 -4 -4 -4 -4 -4 -4 -4 -4 -4 -4 -4 -4 -6 -6 -6 -8 -8 -8 -9 -9 -9 -9 -11 -11 -11 -13 -13 -14 -14 -16 -16 -16 -16 -16 -18 -18 -18 -18 -18 -19 -19 -19 -19 -19 -19 -19 -19 -19 -19 -19 -19 -19 -21 -21 -21 -21 -21 -21 -21 -21 -21 -19 -19 -19 -18 -16 -14 -13 -11 -9 -8 -8 -8 -8 -6 -6 -4 -3 -1 0 3 6 10 15 21 26 33 40 45 52 55 60 67 72 77 82 87 90 92 93 93 92 92 90 87 85 83 82 80 80 78 78 78 77 77 77 77 77 77 75 73 68 63 55 48 41 35 30 26 21 18 13 6 1 -4 -9 -16 -21 -24 -26 -29 -31 -35 -36 -38 -40 -41 -41 -41 -41 -41 -41 -41 -43 -43 -43 -45 -45 -45 -45 -46 -46 -46 -46 -46 -46 -46 -46 -46 -46 -46 -46 -46 -46 -46 -46 -46 -48 -48 -48 -48 -48 -48 -48 -48 -48 -48 -48 -50 -50 -50 -50 -50 -50 -50 -50 -51 -51 -51 -51 -51 -51 -53 -53 -55 -56 -58 -60 -60 -61 -61 -61 -61 -61 -61 -61 -61 -61 -61 -61 -61 -61 -61 -60 -60 -58 -58 -56 -55 -53 -51 -50 -50 -48 -48 -46 -45 -41 -40 -36 -35 -31 -29 -28 -24 -21 -18 -16 -13 -11 -11 -9 -9 -9 -9 -9 -9 -9 -9 -9 -9 -9 -9 -9 -11 -13 -14 -16 -18 -19 -21 -21 -21 -21 -21 -23 -23 -23 -23 -24 -24 -24 -24 -24 -24 -24 -24 -24 -24 -26 -26 -26 -26 -26 -26 -26 -26 -26 -26 -26 -26 -26 -26 -26 -26 -26 -26 -26 -26 -26 -26 -26 -26 -26 -26 -26 -26 -26 -26 -26 -26 -26 -26 -26 -26 -28 -28 -28 -28 -28 -28 -28 -28 -28 -28 -28 -28 -28 -28 -28 -29 -29 -29 -29 -29 -29 -29 -29 -29 -29 -29 -29 -29 -29 -29 -29 -29 -29 -29 -29 -29 -29 -29 -29 -29 -29 -29 -29 -29 -29 -29 -29 -29 -29 -29 -29 -29 -29 -29 -29 -29 -29 -29 -29 -29]
